350.00	2.17811918259	0.000005753795
351.00	2.17694902420	0.000005707677
352.00	2.17579340935	0.000005662305
353.00	2.17465257645	0.000005617662
354.00	2.17352914810	0.000005573724
355.00	2.17241930962	0.000005530481
356.00	2.17132329941	0.000005487919
357.00	2.17024540901	0.000005446009
358.00	2.16918039322	0.000005404750
359.00	2.16812849045	0.000005364125
360.00	2.16709208489	0.000005324116
361.00	2.16606855393	0.000005284710
362.00	2.16505718231	0.000005245900
363.00	2.16406106949	0.000005207663
364.00	2.16307806969	0.000005169991
365.00	2.16210651398	0.000005132876
366.00	2.16114687920	0.000005096303
367.00	2.16019916534	0.000005060263
368.00	2.15926241875	0.000005024742
369.00	2.15833711624	0.000004989731
370.00	2.15742564201	0.000004955213
371.00	2.15652465820	0.000004921184
372.00	2.15563392639	0.000004887635
373.00	2.15475535393	0.000004854550
374.00	2.15388703346	0.000004821925
375.00	2.15302848816	0.000004789750
376.00	2.15218091011	0.000004758014
377.00	2.15134477615	0.000004726706
378.00	2.15051746368	0.000004695824
379.00	2.14969944954	0.000004665357
380.00	2.14889216423	0.000004635294
381.00	2.14809370041	0.000004605631
382.00	2.14730381966	0.000004576360
383.00	2.14652347565	0.000004547472
384.00	2.14575362206	0.000004518956
385.00	2.14499163628	0.000004490811
386.00	2.14423775673	0.000004463030
387.00	2.14349365234	0.000004435599
388.00	2.14275789261	0.000004408519
389.00	2.14202976227	0.000004381781
390.00	2.14130926132	0.000004355380
391.00	2.14059925079	0.000004329303
392.00	2.13989615440	0.000004303551
393.00	2.13920044899	0.000004278117
394.00	2.13851189613	0.000004252996
395.00	2.13783144951	0.000004228179
396.00	2.13715767860	0.000004203667
397.00	2.13649058342	0.000004179450
398.00	2.13583183289	0.000004155521
399.00	2.13518071175	0.000004131874
400.00	2.13453626633	0.000004108510
401.00	2.13389778137	0.000004085421
402.00	2.13326716423	0.000004062601
403.00	2.13264322281	0.000004040046
404.00	2.13202524185	0.000004017754
405.00	2.13141322136	0.000003995719
406.00	2.13080883026	0.000003973934
407.00	2.13021111488	0.000003952397
408.00	2.12961912155	0.000003931105
409.00	2.12903237343	0.000003910052
410.00	2.12845230103	0.000003889237
411.00	2.12787842751	0.000003868651
412.00	2.12730979919	0.000003848294
413.00	2.12674617767	0.000003828164
414.00	2.12618899345	0.000003808253
415.00	2.12563848496	0.000003788557
416.00	2.12509298325	0.000003769075
417.00	2.12455224991	0.000003749805
418.00	2.12401676178	0.000003730742
419.00	2.12348771095	0.000003711880
420.00	2.12296342850	0.000003693220
421.00	2.12244367600	0.000003674758
422.00	2.12192869186	0.000003656490
423.00	2.12142086029	0.000003638410
424.00	2.12091779709	0.000003620519
425.00	2.12041902542	0.000003602813
426.00	2.11992454529	0.000003585291
427.00	2.11943435669	0.000003567948
428.00	2.11894869804	0.000003550784
429.00	2.11846709251	0.000003533794
430.00	2.11798954010	0.000003516976
431.00	2.11751627922	0.000003500328
432.00	2.11704969406	0.000003483843
433.00	2.11658692360	0.000003467522
434.00	2.11612820625	0.000003451364
435.00	2.11567306519	0.000003435365
436.00	2.11522269249	0.000003419523
437.00	2.11477708817	0.000003403834
438.00	2.11433506012	0.000003388299
439.00	2.11389660835	0.000003372913
440.00	2.11346197128	0.000003357677
441.00	2.11303257942	0.000003342584
442.00	2.11260724068	0.000003327634
443.00	2.11218523979	0.000003312827
444.00	2.11176633835	0.000003298162
445.00	2.11135125160	0.000003283633
446.00	2.11094045639	0.000003269239
447.00	2.11053347588	0.000003254980
448.00	2.11012911797	0.000003240852
449.00	2.10972833633	0.000003226857
450.00	2.10933089256	0.000003212989
451.00	2.10893821716	0.000003199246
452.00	2.10854911804	0.000003185628
453.00	2.10816264153	0.000003172134
454.00	2.10777926445	0.000003158763
455.00	2.10739898682	0.000003145511
456.00	2.10702300072	0.000003132376
457.00	2.10665011406	0.000003119358
458.00	2.10627985001	0.000003106456
459.00	2.10591244698	0.000003093669
460.00	2.10554790497	0.000003080994
461.00	2.10518813133	0.000003068427
462.00	2.10483121872	0.000003055970
463.00	2.10447692871	0.000003043620
464.00	2.10412526131	0.000003031379
465.00	2.10377621651	0.000003019242
466.00	2.10343027115	0.000003007208
467.00	2.10308742523	0.000002995277
468.00	2.10274696350	0.000002983448
469.00	2.10240888596	0.000002971718
470.00	2.10207343102	0.000002960088
471.00	2.10174107552	0.000002948554
472.00	2.10141253471	0.000002937116
473.00	2.10108637810	0.000002925771
474.00	2.10076236725	0.000002914522
475.00	2.10044074059	0.000002903364
476.00	2.10012149811	0.000002892301
477.00	2.09980559349	0.000002881324
478.00	2.09949231148	0.000002870437
479.00	2.09918141365	0.000002859638
480.00	2.09887218475	0.000002848928
481.00	2.09856557846	0.000002838303
482.00	2.09826159477	0.000002827763
483.00	2.09796094894	0.000002817304
484.00	2.09766244888	0.000002806929
485.00	2.09736585617	0.000002796636
486.00	2.09707117081	0.000002786425
487.00	2.09677886963	0.000002776295
488.00	2.09648919106	0.000002766242
489.00	2.09620189667	0.000002756268
490.00	2.09591650963	0.000002746370
491.00	2.09563302994	0.000002736550
492.00	2.09535145760	0.000002726804
493.00	2.09507179260	0.000002717135
494.00	2.09479546547	0.000002707536
495.00	2.09452128410	0.000002698010
496.00	2.09424924851	0.000002688558
497.00	2.09397864342	0.000002679176
498.00	2.09370970726	0.000002669864
499.00	2.09344291687	0.000002660623
500.00	2.09317851067	0.000002651449
501.00	2.09291648865	0.000002642344
502.00	2.09265613556	0.000002633305
503.00	2.09239745140	0.000002624334
504.00	2.09214043617	0.000002615428
505.00	2.09188508987	0.000002606588
506.00	2.09163236618	0.000002597811
507.00	2.09138202667	0.000002589096
508.00	2.09113359451	0.000002580445
509.00	2.09088635445	0.000002571857
510.00	2.09064078331	0.000002563331
511.00	2.09039688110	0.000002554864
512.00	2.09015464783	0.000002546459
513.00	2.08991432190	0.000002538112
514.00	2.08967566490	0.000002529825
515.00	2.08943843842	0.000002521597
516.00	2.08920240402	0.000002513426
517.00	2.08896803856	0.000002505312
518.00	2.08873534203	0.000002497256
519.00	2.08850502968	0.000002489254
520.00	2.08827686310	0.000002481306
521.00	2.08805012703	0.000002473413
522.00	2.08782458305	0.000002465575
523.00	2.08760023117	0.000002457791
524.00	2.08737754822	0.000002450060
525.00	2.08715653420	0.000002442380
526.00	2.08693742752	0.000002434753
527.00	2.08671998978	0.000002427177
528.00	2.08650398254	0.000002419651
529.00	2.08628892899	0.000002412176
530.00	2.08607530594	0.000002404752
531.00	2.08586287499	0.000002397376
532.00	2.08565235138	0.000002390049
533.00	2.08544397354	0.000002382770
534.00	2.08523702622	0.000002375538
535.00	2.08503127098	0.000002368354
536.00	2.08482646942	0.000002361217
537.00	2.08462309837	0.000002354127
538.00	2.08442068100	0.000002347083
539.00	2.08421993256	0.000002340084
540.00	2.08402109146	0.000002333130
541.00	2.08382320404	0.000002326220
542.00	2.08362674713	0.000002319355
543.00	2.08343124390	0.000002312534
544.00	2.08323669434	0.000002305755
545.00	2.08304333687	0.000002299020
546.00	2.08285140991	0.000002292328
547.00	2.08266162872	0.000002285677
548.00	2.08247303963	0.000002279068
549.00	2.08228564262	0.000002272499
550.00	2.08209919930	0.000002265972
551.00	2.08191370964	0.000002259485
552.00	2.08172941208	0.000002253039
553.00	2.08154630661	0.000002246633
554.00	2.08136463165	0.000002240265
555.00	2.08118438721	0.000002233936
556.00	2.08100533485	0.000002227646
557.00	2.08082723618	0.000002221394
558.00	2.08064985275	0.000002215181
559.00	2.08047366142	0.000002209005
560.00	2.08029842377	0.000002202866
561.00	2.08012437820	0.000002196764
562.00	2.07995247841	0.000002190698
563.00	2.07978153229	0.000002184668
564.00	2.07961153984	0.000002178674
565.00	2.07944226265	0.000002172716
566.00	2.07927393913	0.000002166792
567.00	2.07910680771	0.000002160904
568.00	2.07894039154	0.000002155052
569.00	2.07877516747	0.000002149232
570.00	2.07861113548	0.000002143447
571.00	2.07844781876	0.000002137695
572.00	2.07828593254	0.000002131977
573.00	2.07812452316	0.000002126292
574.00	2.07796382904	0.000002120640
575.00	2.07780408859	0.000002115020
576.00	2.07764530182	0.000002109433
577.00	2.07748794556	0.000002103878
578.00	2.07733201981	0.000002098352
579.00	2.07717704773	0.000002092859
580.00	2.07702279091	0.000002087397
581.00	2.07686948776	0.000002081966
582.00	2.07671689987	0.000002076566
583.00	2.07656502724	0.000002071196
584.00	2.07641410828	0.000002065856
585.00	2.07626390457	0.000002060546
586.00	2.07611536980	0.000002055265
587.00	2.07596778870	0.000002050013
588.00	2.07582068443	0.000002044790
589.00	2.07567453384	0.000002039595
590.00	2.07552886009	0.000002034431
591.00	2.07538414002	0.000002029294
592.00	2.07524013519	0.000002024185
593.00	2.07509684563	0.000002019104
594.00	2.07495522499	0.000002014050
595.00	2.07481455803	0.000002009023
596.00	2.07467460632	0.000002004023
597.00	2.07453560829	0.000001999050
598.00	2.07439684868	0.000001994105
599.00	2.07425904274	0.000001989185
600.00	2.07412171364	0.000001984292
601.00	2.07398533821	0.000001979426
602.00	2.07384967804	0.000001974584
603.00	2.07371520996	0.000001969769
604.00	2.07358145714	0.000001964978
605.00	2.07344841957	0.000001960213
606.00	2.07331609726	0.000001955472
607.00	2.07318425179	0.000001950758
608.00	2.07305312157	0.000001946067
609.00	2.07292270660	0.000001941401
610.00	2.07279276848	0.000001936759
611.00	2.07266378403	0.000001932141
612.00	2.07253599167	0.000001927546
613.00	2.07240915299	0.000001922975
614.00	2.07228302956	0.000001918427
615.00	2.07215738297	0.000001913903
616.00	2.07203245163	0.000001909401
617.00	2.07190799713	0.000001904923
618.00	2.07178401947	0.000001900468
619.00	2.07166075707	0.000001896035
620.00	2.07153844833	0.000001891624
621.00	2.07141685486	0.000001887236
622.00	2.07129621506	0.000001882869
623.00	2.07117605209	0.000001878524
624.00	2.07105660439	0.000001874201
625.00	2.07093787193	0.000001869899
626.00	2.07081937790	0.000001865619
627.00	2.07070136070	0.000001861360
628.00	2.07058429718	0.000001857122
629.00	2.07046747208	0.000001852905
630.00	2.07035160065	0.000001848709
631.00	2.07023715973	0.000001844532
632.00	2.07012319565	0.000001840376
633.00	2.07000970841	0.000001836240
634.00	2.06989693642	0.000001832125
635.00	2.06978464127	0.000001828029
636.00	2.06967258453	0.000001823953
637.00	2.06956124306	0.000001819897
638.00	2.06945037842	0.000001815860
639.00	2.06934022903	0.000001811843
640.00	2.06923055649	0.000001807845
641.00	2.06912136078	0.000001803866
642.00	2.06901288033	0.000001799906
643.00	2.06890487671	0.000001795965
644.00	2.06879734993	0.000001792042
645.00	2.06869006157	0.000001788138
646.00	2.06858348846	0.000001784253
647.00	2.06847739220	0.000001780385
648.00	2.06837153435	0.000001776536
649.00	2.06826639175	0.000001772706
650.00	2.06816196442	0.000001768892
651.00	2.06805872917	0.000001765096
652.00	2.06795620918	0.000001761318
653.00	2.06785392761	0.000001757556
654.00	2.06775212288	0.000001753813
655.00	2.06765103340	0.000001750086
656.00	2.06754994392	0.000001746377
657.00	2.06744956970	0.000001742685
658.00	2.06734943390	0.000001739009
659.00	2.06724977493	0.000001735351
660.00	2.06715083122	0.000001731709
661.00	2.06705260277	0.000001728083
662.00	2.06695485115	0.000001724474
663.00	2.06685781479	0.000001720881
664.00	2.06676125526	0.000001717304
665.00	2.06666493416	0.000001713743
666.00	2.06656932831	0.000001710198
667.00	2.06647372246	0.000001706669
668.00	2.06637859345	0.000001703156
669.00	2.06628417969	0.000001699658
670.00	2.06619000435	0.000001696176
671.00	2.06609630585	0.000001692710
672.00	2.06600356102	0.000001689258
673.00	2.06591129303	0.000001685821
674.00	2.06581950188	0.000001682399
675.00	2.06572842598	0.000001678993
676.00	2.06563758850	0.000001675601
677.00	2.06554698944	0.000001672224
678.00	2.06545686722	0.000001668862
679.00	2.06536698341	0.000001665514
680.00	2.06527757645	0.000001662181
681.00	2.06518864632	0.000001658863
682.00	2.06509995461	0.000001655559
683.00	2.06501197815	0.000001652268
684.00	2.06492471695	0.000001648992
685.00	2.06483769417	0.000001645730
686.00	2.06475114822	0.000001642482
687.00	2.06466484070	0.000001639247
688.00	2.06457901001	0.000001636027
689.00	2.06449341774	0.000001632820
690.00	2.06440806389	0.000001629627
691.00	2.06432342529	0.000001626447
692.00	2.06423878670	0.000001623280
693.00	2.06415462494	0.000001620127
694.00	2.06407094002	0.000001616987
695.00	2.06398844719	0.000001613860
696.00	2.06390595436	0.000001610745
697.00	2.06382393837	0.000001607644
698.00	2.06374239922	0.000001604555
699.00	2.06366109848	0.000001601480
700.00	2.06358027458	0.000001598417
701.00	2.06349945068	0.000001595367
702.00	2.06341934204	0.000001592329
703.00	2.06333923340	0.000001589304
704.00	2.06325960159	0.000001586291
705.00	2.06318020821	0.000001583291
706.00	2.06310153008	0.000001580303
707.00	2.06302332878	0.000001577326
708.00	2.06294536591	0.000001574362
709.00	2.06286811829	0.000001571409
710.00	2.06279087067	0.000001568469
711.00	2.06271409988	0.000001565541
712.00	2.06263780594	0.000001562624
713.00	2.06256127358	0.000001559719
714.00	2.06248545647	0.000001556826
715.00	2.06240963936	0.000001553944
716.00	2.06233453751	0.000001551074
717.00	2.06225943565	0.000001548215
718.00	2.06218481064	0.000001545367
719.00	2.06211090088	0.000001542531
720.00	2.06203746796	0.000001539706
721.00	2.06196451187	0.000001536891
722.00	2.06189155579	0.000001534088
723.00	2.06181931496	0.000001531296
724.00	2.06174707413	0.000001528514
725.00	2.06167507172	0.000001525744
726.00	2.06160354614	0.000001522985
727.00	2.06153202057	0.000001520236
728.00	2.06146097183	0.000001517498
729.00	2.06139016151	0.000001514771
730.00	2.06131958962	0.000001512054
731.00	2.06124949455	0.000001509347
732.00	2.06117963791	0.000001506651
733.00	2.06111025810	0.000001503966
734.00	2.06104111671	0.000001501290
735.00	2.06097221375	0.000001498625
736.00	2.06090378761	0.000001495970
737.00	2.06083559990	0.000001493325
738.00	2.06076741219	0.000001490690
739.00	2.06069970131	0.000001488066
740.00	2.06063199043	0.000001485451
741.00	2.06056475639	0.000001482846
742.00	2.06049752235	0.000001480251
743.00	2.06043076515	0.000001477665
744.00	2.06036424637	0.000001475090
745.00	2.06029844284	0.000001472524
746.00	2.06023311615	0.000001469967
747.00	2.06016802788	0.000001467420
748.00	2.06010317802	0.000001464882
749.00	2.06003880501	0.000001462354
750.00	2.05997443199	0.000001459835
751.00	2.05991029739	0.000001457325
752.00	2.05984640122	0.000001454825
753.00	2.05978274345	0.000001452334
754.00	2.05971932411	0.000001449852
755.00	2.05965638161	0.000001447379
756.00	2.05959343910	0.000001444915
757.00	2.05953073502	0.000001442461
758.00	2.05946826935	0.000001440015
759.00	2.05940651894	0.000001437578
760.00	2.05934500694	0.000001435150
761.00	2.05928373337	0.000001432731
762.00	2.05922269821	0.000001430320
763.00	2.05916190147	0.000001427918
764.00	2.05910134316	0.000001425524
765.00	2.05904126167	0.000001423140
766.00	2.05898094177	0.000001420764
767.00	2.05892109871	0.000001418396
768.00	2.05886125565	0.000001416037
769.00	2.05880165100	0.000001413687
770.00	2.05874252319	0.000001411344
771.00	2.05868339539	0.000001409010
772.00	2.05862474442	0.000001406685
773.00	2.05856633186	0.000001404367
774.00	2.05850863457	0.000001402058
775.00	2.05845117569	0.000001399756
776.00	2.05839371681	0.000001397463
777.00	2.05833649635	0.000001395178
778.00	2.05827951431	0.000001392900
779.00	2.05822300911	0.000001390631
780.00	2.05816650391	0.000001388370
781.00	2.05810999870	0.000001386117
782.00	2.05805397034	0.000001383871
783.00	2.05799770355	0.000001381633
784.00	2.05794215202	0.000001379403
785.00	2.05788660049	0.000001377181
786.00	2.05783128738	0.000001374966
787.00	2.05777621269	0.000001372759
788.00	2.05772137642	0.000001370560
789.00	2.05766701698	0.000001368368
790.00	2.05761289597	0.000001366183
791.00	2.05755877495	0.000001364006
792.00	2.05750513077	0.000001361837
793.00	2.05745148659	0.000001359675
794.00	2.05739784241	0.000001357520
795.00	2.05734491348	0.000001355372
796.00	2.05729174614	0.000001353232
797.00	2.05723881722	0.000001351099
798.00	2.05718588829	0.000001348974
799.00	2.05713343620	0.000001346855
800.00	2.05708098412	0.000001344744
801.00	2.05702900887	0.000001342639
802.00	2.05697703362	0.000001340542
803.00	2.05692553520	0.000001338452
804.00	2.05687427521	0.000001336368
805.00	2.05682349205	0.000001334291
806.00	2.05677270889	0.000001332222
807.00	2.05672216415	0.000001330159
808.00	2.05667185783	0.000001328103
809.00	2.05662178993	0.000001326053
810.00	2.05657196045	0.000001324011
811.00	2.05652213097	0.000001321975
812.00	2.05647230148	0.000001319946
813.00	2.05642294884	0.000001317924
814.00	2.05637359619	0.000001315908
815.00	2.05632424355	0.000001313899
816.00	2.05627536774	0.000001311897
817.00	2.05622649193	0.000001309900
818.00	2.05617785454	0.000001307911
819.00	2.05612945557	0.000001305928
820.00	2.05608177185	0.000001303951
821.00	2.05603384972	0.000001301980
822.00	2.05598616600	0.000001300016
823.00	2.05593895912	0.000001298058
824.00	2.05589151382	0.000001296107
825.00	2.05584454536	0.000001294162
826.00	2.05579757690	0.000001292223
827.00	2.05575108528	0.000001290290
828.00	2.05570435524	0.000001288364
829.00	2.05565786362	0.000001286443
830.00	2.05561137199	0.000001284529
831.00	2.05556535721	0.000001282621
832.00	2.05551910400	0.000001280718
833.00	2.05547332764	0.000001278823
834.00	2.05542778969	0.000001276932
835.00	2.05538201332	0.000001275048
836.00	2.05533695221	0.000001273170
837.00	2.05529236794	0.000001271298
838.00	2.05524778366	0.000001269431
839.00	2.05520343781	0.000001267570
840.00	2.05515909195	0.000001265715
841.00	2.05511498451	0.000001263866
842.00	2.05507111549	0.000001262022
843.00	2.05502748489	0.000001260184
844.00	2.05498385429	0.000001258352
845.00	2.05494022369	0.000001256526
846.00	2.05489683151	0.000001254705
847.00	2.05485343933	0.000001252890
848.00	2.05481028557	0.000001251081
849.00	2.05476737022	0.000001249277
850.00	2.05472469330	0.000001247479
851.00	2.05468201637	0.000001245686
852.00	2.05463957787	0.000001243899
853.00	2.05459690094	0.000001242117
854.00	2.05455493927	0.000001240341
855.00	2.05451273918	0.000001238570
856.00	2.05447101593	0.000001236804
857.00	2.05442929268	0.000001235044
858.00	2.05438780785	0.000001233289
859.00	2.05434632301	0.000001231540
860.00	2.05430507660	0.000001229795
861.00	2.05426383019	0.000001228056
862.00	2.05422306061	0.000001226322
863.00	2.05418205261	0.000001224594
864.00	2.05414104462	0.000001222870
865.00	2.05410027504	0.000001221152
866.00	2.05405974388	0.000001219439
867.00	2.05401945114	0.000001217732
868.00	2.05397915840	0.000001216029
869.00	2.05393886566	0.000001214331
870.00	2.05389904976	0.000001212638
871.00	2.05385899544	0.000001210951
872.00	2.05381989479	0.000001209268
873.00	2.05378055573	0.000001207590
874.00	2.05374169350	0.000001205917
875.00	2.05370259285	0.000001204249
876.00	2.05366396904	0.000001202586
877.00	2.05362534523	0.000001200927
878.00	2.05358695984	0.000001199274
879.00	2.05354857445	0.000001197625
880.00	2.05351042748	0.000001195982
881.00	2.05347204208	0.000001194343
882.00	2.05343413353	0.000001192709
883.00	2.05339598656	0.000001191079
884.00	2.05335831642	0.000001189455
885.00	2.05332040787	0.000001187835
886.00	2.05328297615	0.000001186220
887.00	2.05324554443	0.000001184609
888.00	2.05320811272	0.000001183003
889.00	2.05317091942	0.000001181402
890.00	2.05313396454	0.000001179805
891.00	2.05309724808	0.000001178213
892.00	2.05306053162	0.000001176626
893.00	2.05302405357	0.000001175042
894.00	2.05298781395	0.000001173464
895.00	2.05295157433	0.000001171890
896.00	2.05291557312	0.000001170320
897.00	2.05287957192	0.000001168755
898.00	2.05284380913	0.000001167195
899.00	2.05280804634	0.000001165638
900.00	2.05277252197	0.000001164086
901.00	2.05273675919	0.000001162539
902.00	2.05270123482	0.000001160996
903.00	2.05266594887	0.000001159458
904.00	2.05263066292	0.000001157923
905.00	2.05259537697	0.000001156393
906.00	2.05256056786	0.000001154867
907.00	2.05252552033	0.000001153346
908.00	2.05249071121	0.000001151829
909.00	2.05245614052	0.000001150316
910.00	2.05242156982	0.000001148807
911.00	2.05238747597	0.000001147302
912.00	2.05235362053	0.000001145802
913.00	2.05231976509	0.000001144305
914.00	2.05228590965	0.000001142813
915.00	2.05225229263	0.000001141325
916.00	2.05221867561	0.000001139841
917.00	2.05218529701	0.000001138361
918.00	2.05215215683	0.000001136885
919.00	2.05211877823	0.000001135413
920.00	2.05208563805	0.000001133946
921.00	2.05205249786	0.000001132482
922.00	2.05201959610	0.000001131022
923.00	2.05198669434	0.000001129566
924.00	2.05195379257	0.000001128115
925.00	2.05192112923	0.000001126667
926.00	2.05188846588	0.000001125223
927.00	2.05185604096	0.000001123784
928.00	2.05182361603	0.000001122348
929.00	2.05179142952	0.000001120915
930.00	2.05175924301	0.000001119487
931.00	2.05172729492	0.000001118063
932.00	2.05169534683	0.000001116642
933.00	2.05166363716	0.000001115225
934.00	2.05163216591	0.000001113812
935.00	2.05160069466	0.000001112403
936.00	2.05156922340	0.000001110998
937.00	2.05153799057	0.000001109596
938.00	2.05150675774	0.000001108198
939.00	2.05147576332	0.000001106804
940.00	2.05144476891	0.000001105414
941.00	2.05141377449	0.000001104027
942.00	2.05138301849	0.000001102644
943.00	2.05135202408	0.000001101264
944.00	2.05132150650	0.000001099889
945.00	2.05129075050	0.000001098517
946.00	2.05126023293	0.000001097148
947.00	2.05122995377	0.000001095783
948.00	2.05119943619	0.000001094422
949.00	2.05116939545	0.000001093065
950.00	2.05113911629	0.000001091710
951.00	2.05110907555	0.000001090360
952.00	2.05107903481	0.000001089013
953.00	2.05104947090	0.000001087669
954.00	2.05102014542	0.000001086329
955.00	2.05099058151	0.000001084992
956.00	2.05096149445	0.000001083659
957.00	2.05093216896	0.000001082329
958.00	2.05090308189	0.000001081003
959.00	2.05087423325	0.000001079680
960.00	2.05084514618	0.000001078361
961.00	2.05081653595	0.000001077045
962.00	2.05078768730	0.000001075732
963.00	2.05075907707	0.000001074423
964.00	2.05073046684	0.000001073118
965.00	2.05070185661	0.000001071815
966.00	2.05067324638	0.000001070516
967.00	2.05064487457	0.000001069220
968.00	2.05061674118	0.000001067927
969.00	2.05058836937	0.000001066638
970.00	2.05056023598	0.000001065353
971.00	2.05053210259	0.000001064070
972.00	2.05050420761	0.000001062790
973.00	2.05047631264	0.000001061515
974.00	2.05044865608	0.000001060242
975.00	2.05042099953	0.000001058972
976.00	2.05039358139	0.000001057706
977.00	2.05036616325	0.000001056442
978.00	2.05033898354	0.000001055182
979.00	2.05031180382	0.000001053925
980.00	2.05028462410	0.000001052672
981.00	2.05025768280	0.000001051421
982.00	2.05023074150	0.000001050173
983.00	2.05020403862	0.000001048929
984.00	2.05017709732	0.000001047688
985.00	2.05015039444	0.000001046449
986.00	2.05012392998	0.000001045214
987.00	2.05009722710	0.000001043982
988.00	2.05007076263	0.000001042753
989.00	2.05004429817	0.000001041527
990.00	2.05001783371	0.000001040304
991.00	2.04999160767	0.000001039085
992.00	2.04996538162	0.000001037868
993.00	2.04993915558	0.000001036654
994.00	2.04991316795	0.000001035443
995.00	2.04988718033	0.000001034236
996.00	2.04986119270	0.000001033031
997.00	2.04983544350	0.000001031829
998.00	2.04980945587	0.000001030630
999.00	2.04978418350	0.000001029434
1000.00	2.04975867271	0.000001028241
1001.00	2.04973340035	0.000001027051
1002.00	2.04970836639	0.000001025863
1003.00	2.04968333244	0.000001024679
1004.00	2.04965829849	0.000001023497
1005.00	2.04963326454	0.000001022319
1006.00	2.04960846901	0.000001021142
1007.00	2.04958367348	0.000001019970
1008.00	2.04955911636	0.000001018799
1009.00	2.04953432083	0.000001017632
1010.00	2.04950976372	0.000001016467
1011.00	2.04948520660	0.000001015306
1012.00	2.04946088791	0.000001014147
1013.00	2.04943633080	0.000001012991
1014.00	2.04941201210	0.000001011837
1015.00	2.04938745499	0.000001010687
1016.00	2.04936337471	0.000001009539
1017.00	2.04933905602	0.000001008394
1018.00	2.04931497574	0.000001007252
1019.00	2.04929089546	0.000001006112
1020.00	2.04926705360	0.000001004976
1021.00	2.04924321175	0.000001003841
1022.00	2.04921936989	0.000001002710
1023.00	2.04919552803	0.000001001581
1024.00	2.04917192459	0.000001000455
1025.00	2.04914855957	0.000000999332
1026.00	2.04912495613	0.000000998211
1027.00	2.04910159111	0.000000997092
1028.00	2.04907822609	0.000000995977
1029.00	2.04905509949	0.000000994864
1030.00	2.04903173447	0.000000993754
1031.00	2.04900860786	0.000000992646
1032.00	2.04898548126	0.000000991541
1033.00	2.04896259308	0.000000990438
1034.00	2.04893970490	0.000000989338
1035.00	2.04891681671	0.000000988241
1036.00	2.04889392853	0.000000987146
1037.00	2.04887127876	0.000000986054
1038.00	2.04884839058	0.000000984964
1039.00	2.04882574081	0.000000983877
1040.00	2.04880309105	0.000000982793
1041.00	2.04878044128	0.000000981710
1042.00	2.04875802994	0.000000980631
1043.00	2.04873538017	0.000000979554
1044.00	2.04871320725	0.000000978479
1045.00	2.04869079590	0.000000977407
1046.00	2.04866838455	0.000000976337
1047.00	2.04864645004	0.000000975270
1048.00	2.04862427712	0.000000974205
1049.00	2.04860210419	0.000000973143
1050.00	2.04858016968	0.000000972083
1051.00	2.04855847359	0.000000971026
1052.00	2.04853677750	0.000000969970
1053.00	2.04851531982	0.000000968918
1054.00	2.04849386215	0.000000967867
1055.00	2.04847240448	0.000000966819
1056.00	2.04845094681	0.000000965774
1057.00	2.04842972755	0.000000964731
1058.00	2.04840850830	0.000000963690
1059.00	2.04838728905	0.000000962651
1060.00	2.04836606979	0.000000961615
1061.00	2.04834508896	0.000000960581
1062.00	2.04832386971	0.000000959550
1063.00	2.04830288887	0.000000958521
1064.00	2.04828214645	0.000000957494
1065.00	2.04826116562	0.000000956469
1066.00	2.04824018478	0.000000955447
1067.00	2.04821944237	0.000000954427
1068.00	2.04819869995	0.000000953410
1069.00	2.04817795754	0.000000952395
1070.00	2.04815721512	0.000000951382
1071.00	2.04813671112	0.000000950371
1072.00	2.04811620712	0.000000949362
1073.00	2.04809570313	0.000000948356
1074.00	2.04807519913	0.000000947352
1075.00	2.04805493355	0.000000946350
1076.00	2.04803466797	0.000000945351
1077.00	2.04801440239	0.000000944353
1078.00	2.04799413681	0.000000943358
1079.00	2.04797434807	0.000000942365
1080.00	2.04795432091	0.000000941374
1081.00	2.04793453217	0.000000940385
1082.00	2.04791474342	0.000000939399
1083.00	2.04789495468	0.000000938415
1084.00	2.04787516594	0.000000937433
1085.00	2.04785561562	0.000000936453
1086.00	2.04783606529	0.000000935475
1087.00	2.04781651497	0.000000934499
1088.00	2.04779672623	0.000000933525
1089.00	2.04777741432	0.000000932554
1090.00	2.04775810242	0.000000931585
1091.00	2.04773879051	0.000000930617
1092.00	2.04771947861	0.000000929652
1093.00	2.04770016670	0.000000928689
1094.00	2.04768085480	0.000000927728
1095.00	2.04766154289	0.000000926770
1096.00	2.04764246941	0.000000925813
1097.00	2.04762315750	0.000000924858
1098.00	2.04760432243	0.000000923906
1099.00	2.04758524895	0.000000922955
1100.00	2.04756617546	0.000000922007
1101.00	2.04754734039	0.000000921060
1102.00	2.04752850533	0.000000920116
1103.00	2.04750967026	0.000000919174
1104.00	2.04749083519	0.000000918233
1105.00	2.04747223854	0.000000917295
1106.00	2.04745364189	0.000000916359
1107.00	2.04743504524	0.000000915424
1108.00	2.04741668701	0.000000914492
1109.00	2.04739832878	0.000000913561
1110.00	2.04738020897	0.000000912633
1111.00	2.04736208916	0.000000911706
1112.00	2.04734396935	0.000000910782
1113.00	2.04732561112	0.000000909859
1114.00	2.04730772972	0.000000908938
1115.00	2.04728984833	0.000000908020
1116.00	2.04727172852	0.000000907103
1117.00	2.04725384712	0.000000906188
1118.00	2.04723596573	0.000000905275
1119.00	2.04721832275	0.000000904364
1120.00	2.04720044136	0.000000903455
1121.00	2.04718279839	0.000000902548
1122.00	2.04716515541	0.000000901643
1123.00	2.04714727402	0.000000900740
1124.00	2.04712963104	0.000000899839
1125.00	2.04711222649	0.000000898939
1126.00	2.04709458351	0.000000898041
1127.00	2.04707694054	0.000000897146
1128.00	2.04705953598	0.000000896252
1129.00	2.04704213142	0.000000895360
1130.00	2.04702472687	0.000000894470
1131.00	2.04700732231	0.000000893581
1132.00	2.04699015617	0.000000892695
1133.00	2.04697275162	0.000000891810
1134.00	2.04695558548	0.000000890927
1135.00	2.04693841934	0.000000890047
1136.00	2.04692125320	0.000000889168
1137.00	2.04690432549	0.000000888290
1138.00	2.04688739777	0.000000887415
1139.00	2.04687023163	0.000000886541
1140.00	2.04685354233	0.000000885669
1141.00	2.04683685303	0.000000884799
1142.00	2.04681992531	0.000000883931
1143.00	2.04680347443	0.000000883064
1144.00	2.04678678513	0.000000882199
1145.00	2.04677009583	0.000000881336
1146.00	2.04675340653	0.000000880475
1147.00	2.04673695564	0.000000879615
1148.00	2.04672050476	0.000000878758
1149.00	2.04670405388	0.000000877901
1150.00	2.04668760300	0.000000877047
1151.00	2.04667139053	0.000000876195
1152.00	2.04665517807	0.000000875344
1153.00	2.04663872719	0.000000874495
1154.00	2.04662251473	0.000000873647
1155.00	2.04660606384	0.000000872802
1156.00	2.04658985138	0.000000871958
1157.00	2.04657387734	0.000000871116
1158.00	2.04655766487	0.000000870275
1159.00	2.04654145241	0.000000869436
1160.00	2.04652523994	0.000000868599
1161.00	2.04650926590	0.000000867764
1162.00	2.04649329186	0.000000866930
1163.00	2.04647731781	0.000000866098
1164.00	2.04646134377	0.000000865267
1165.00	2.04644560814	0.000000864439
1166.00	2.04642987251	0.000000863612
1167.00	2.04641389847	0.000000862786
1168.00	2.04639816284	0.000000861962
1169.00	2.04638242722	0.000000861140
1170.00	2.04636693001	0.000000860320
1171.00	2.04635143280	0.000000859501
1172.00	2.04633593559	0.000000858683
1173.00	2.04632067680	0.000000857868
1174.00	2.04630541802	0.000000857054
1175.00	2.04629015923	0.000000856241
1176.00	2.04627490044	0.000000855430
1177.00	2.04625964165	0.000000854621
1178.00	2.04624462128	0.000000853813
1179.00	2.04622936249	0.000000853007
1180.00	2.04621410370	0.000000852202
1181.00	2.04619932175	0.000000851399
1182.00	2.04618406296	0.000000850598
1183.00	2.04616928101	0.000000849798
1184.00	2.04615426064	0.000000849000
1185.00	2.04613947868	0.000000848203
1186.00	2.04612445831	0.000000847408
1187.00	2.04610967636	0.000000846615
1188.00	2.04609489441	0.000000845823
1189.00	2.04607987404	0.000000845032
1190.00	2.04606509209	0.000000844244
1191.00	2.04605054855	0.000000843456
1192.00	2.04603576660	0.000000842670
1193.00	2.04602098465	0.000000841886
1194.00	2.04600644112	0.000000841103
1195.00	2.04599189758	0.000000840322
1196.00	2.04597711563	0.000000839542
1197.00	2.04596257210	0.000000838764
1198.00	2.04594826698	0.000000837987
1199.00	2.04593372345	0.000000837212
1200.00	2.04591917992	0.000000836438
1201.00	2.04590487480	0.000000835666
1202.00	2.04589056969	0.000000834895
1203.00	2.04587626457	0.000000834126
1204.00	2.04586195946	0.000000833358
1205.00	2.04584765434	0.000000832592
1206.00	2.04583358765	0.000000831827
1207.00	2.04581975937	0.000000831063
1208.00	2.04580545425	0.000000830301
1209.00	2.04579162598	0.000000829541
1210.00	2.04577779770	0.000000828782
1211.00	2.04576373100	0.000000828024
1212.00	2.04574990273	0.000000827268
1213.00	2.04573607445	0.000000826513
1214.00	2.04572224617	0.000000825760
1215.00	2.04570841789	0.000000825008
1216.00	2.04569458962	0.000000824257
1217.00	2.04568099976	0.000000823508
1218.00	2.04566717148	0.000000822761
1219.00	2.04565358162	0.000000822014
1220.00	2.04563999176	0.000000821269
1221.00	2.04562640190	0.000000820526
1222.00	2.04561281204	0.000000819784
1223.00	2.04559922218	0.000000819043
1224.00	2.04558563232	0.000000818304
1225.00	2.04557204247	0.000000817566
1226.00	2.04555869103	0.000000816830
1227.00	2.04554510117	0.000000816095
1228.00	2.04553174973	0.000000815361
1229.00	2.04551839829	0.000000814629
1230.00	2.04550504684	0.000000813898
1231.00	2.04549169540	0.000000813168
1232.00	2.04547834396	0.000000812440
1233.00	2.04546523094	0.000000811713
1234.00	2.04545187950	0.000000810988
1235.00	2.04543852806	0.000000810264
1236.00	2.04542541504	0.000000809541
1237.00	2.04541230202	0.000000808819
1238.00	2.04539918900	0.000000808099
1239.00	2.04538607597	0.000000807381
1240.00	2.04537296295	0.000000806663
1241.00	2.04536008835	0.000000805947
1242.00	2.04534721375	0.000000805232
1243.00	2.04533457756	0.000000804518
1244.00	2.04532194138	0.000000803806
1245.00	2.04530906677	0.000000803095
1246.00	2.04529666901	0.000000802385
1247.00	2.04528379440	0.000000801677
1248.00	2.04527115822	0.000000800970
1249.00	2.04525876045	0.000000800264
1250.00	2.04524612427	0.000000799560
1251.00	2.04523372650	0.000000798857
1252.00	2.04522132874	0.000000798155
1253.00	2.04520869255	0.000000797454
1254.00	2.04519629479	0.000000796755
1255.00	2.04518389702	0.000000796057
1256.00	2.04517149925	0.000000795360
1257.00	2.04515933991	0.000000794664
1258.00	2.04514694214	0.000000793970
1259.00	2.04513478279	0.000000793277
1260.00	2.04512238503	0.000000792585
1261.00	2.04511022568	0.000000791895
1262.00	2.04509782791	0.000000791206
1263.00	2.04508566856	0.000000790518
1264.00	2.04507350922	0.000000789831
1265.00	2.04506111145	0.000000789145
1266.00	2.04504919052	0.000000788461
1267.00	2.04503703117	0.000000787778
1268.00	2.04502487183	0.000000787096
1269.00	2.04501271248	0.000000786416
1270.00	2.04500079155	0.000000785736
1271.00	2.04498887062	0.000000785058
1272.00	2.04497671127	0.000000784381
1273.00	2.04496479034	0.000000783706
1274.00	2.04495286942	0.000000783031
1275.00	2.04494094849	0.000000782358
1276.00	2.04492902756	0.000000781686
1277.00	2.04491710663	0.000000781015
1278.00	2.04490542412	0.000000780345
1279.00	2.04489374161	0.000000779677
1280.00	2.04488182068	0.000000779009
1281.00	2.04487013817	0.000000778343
1282.00	2.04485821724	0.000000777678
1283.00	2.04484677315	0.000000777015
1284.00	2.04483509064	0.000000776352
1285.00	2.04482340813	0.000000775691
1286.00	2.04481172562	0.000000775030
1287.00	2.04480004311	0.000000774371
1288.00	2.04478859901	0.000000773713
1289.00	2.04477691650	0.000000773057
1290.00	2.04476547241	0.000000772401
1291.00	2.04475402832	0.000000771747
1292.00	2.04474234581	0.000000771093
1293.00	2.04473090172	0.000000770441
1294.00	2.04471969605	0.000000769790
1295.00	2.04470825195	0.000000769140
1296.00	2.04469680786	0.000000768492
1297.00	2.04468536377	0.000000767844
1298.00	2.04467415810	0.000000767198
1299.00	2.04466295242	0.000000766552
1300.00	2.04465150833	0.000000765908
1301.00	2.04464030266	0.000000765265
1302.00	2.04462909699	0.000000764623
1303.00	2.04461789131	0.000000763982
1304.00	2.04460644722	0.000000763342
1305.00	2.04459524155	0.000000762704
1306.00	2.04458403587	0.000000762066
1307.00	2.04457283020	0.000000761430
1308.00	2.04456186295	0.000000760795
1309.00	2.04455065727	0.000000760161
1310.00	2.04453945160	0.000000759528
1311.00	2.04452848434	0.000000758896
1312.00	2.04451751709	0.000000758264
1313.00	2.04450631142	0.000000757635
1314.00	2.04449534416	0.000000757006
1315.00	2.04448461533	0.000000756378
1316.00	2.04447364807	0.000000755752
1317.00	2.04446268082	0.000000755126
1318.00	2.04445171356	0.000000754502
1319.00	2.04444098473	0.000000753878
1320.00	2.04443001747	0.000000753256
1321.00	2.04441928864	0.000000752635
1322.00	2.04440879822	0.000000752015
1323.00	2.04439806938	0.000000751395
1324.00	2.04438757896	0.000000750777
1325.00	2.04437708855	0.000000750160
1326.00	2.04436635971	0.000000749544
1327.00	2.04435586929	0.000000748929
1328.00	2.04434561729	0.000000748315
1329.00	2.04433512688	0.000000747702
1330.00	2.04432463646	0.000000747091
1331.00	2.04431414604	0.000000746480
1332.00	2.04430389404	0.000000745870
1333.00	2.04429364204	0.000000745261
1334.00	2.04428315163	0.000000744654
1335.00	2.04427289963	0.000000744047
1336.00	2.04426264763	0.000000743441
1337.00	2.04425239563	0.000000742837
1338.00	2.04424214363	0.000000742233
1339.00	2.04423189163	0.000000741630
1340.00	2.04422163963	0.000000741029
1341.00	2.04421138763	0.000000740428
1342.00	2.04420137405	0.000000739829
1343.00	2.04419136047	0.000000739230
1344.00	2.04418110848	0.000000738632
1345.00	2.04417085648	0.000000738036
1346.00	2.04416084290	0.000000737440
1347.00	2.04415082932	0.000000736846
1348.00	2.04414057732	0.000000736252
1349.00	2.04413056374	0.000000735660
1350.00	2.04412055016	0.000000735068
1351.00	2.04411053658	0.000000734477
1352.00	2.04410052300	0.000000733888
1353.00	2.04409050942	0.000000733299
1354.00	2.04408073425	0.000000732711
1355.00	2.04407048225	0.000000732125
1356.00	2.04406070709	0.000000731539
1357.00	2.04405093193	0.000000730954
1358.00	2.04404091835	0.000000730370
1359.00	2.04403114319	0.000000729787
1360.00	2.04402136803	0.000000729206
1361.00	2.04401159287	0.000000728625
1362.00	2.04400181770	0.000000728045
1363.00	2.04399204254	0.000000727466
1364.00	2.04398226738	0.000000726888
1365.00	2.04397249222	0.000000726311
1366.00	2.04396295548	0.000000725734
1367.00	2.04395341873	0.000000725159
1368.00	2.04394388199	0.000000724585
1369.00	2.04393434525	0.000000724012
1370.00	2.04392480850	0.000000723439
1371.00	2.04391527176	0.000000722868
1372.00	2.04390597343	0.000000722297
1373.00	2.04389643669	0.000000721728
1374.00	2.04388689995	0.000000721159
1375.00	2.04387760162	0.000000720591
1376.00	2.04386830330	0.000000720024
1377.00	2.04385876656	0.000000719458
1378.00	2.04384946823	0.000000718893
1379.00	2.04384016991	0.000000718329
1380.00	2.04383087158	0.000000717766
1381.00	2.04382157326	0.000000717204
1382.00	2.04381227493	0.000000716642
1383.00	2.04380297661	0.000000716082
1384.00	2.04379367828	0.000000715522
1385.00	2.04378461838	0.000000714964
1386.00	2.04377532005	0.000000714406
1387.00	2.04376602173	0.000000713849
1388.00	2.04375696182	0.000000713293
1389.00	2.04374790192	0.000000712738
1390.00	2.04373860359	0.000000712184
1391.00	2.04372954369	0.000000711631
1392.00	2.04372048378	0.000000711079
1393.00	2.04371142387	0.000000710527
1394.00	2.04370212555	0.000000709977
1395.00	2.04369306564	0.000000709427
1396.00	2.04368400574	0.000000708878
1397.00	2.04367494583	0.000000708330
1398.00	2.04366588593	0.000000707783
1399.00	2.04365682602	0.000000707237
1400.00	2.04364800453	0.000000706692
1401.00	2.04363894463	0.000000706147
1402.00	2.04362988472	0.000000705603
1403.00	2.04362106323	0.000000705061
1404.00	2.04361224175	0.000000704519
1405.00	2.04360318184	0.000000703978
1406.00	2.04359436035	0.000000703438
1407.00	2.04358553886	0.000000702898
1408.00	2.04357671738	0.000000702360
1409.00	2.04356789589	0.000000701822
1410.00	2.04355907440	0.000000701286
1411.00	2.04355025291	0.000000700750
1412.00	2.04354166985	0.000000700215
1413.00	2.04353284836	0.000000699680
1414.00	2.04352450371	0.000000699147
1415.00	2.04351568222	0.000000698615
1416.00	2.04350733757	0.000000698083
1417.00	2.04349875450	0.000000697552
1418.00	2.04349017143	0.000000697022
1419.00	2.04348182678	0.000000696492
1420.00	2.04347324371	0.000000695964
1421.00	2.04346466065	0.000000695437
1422.00	2.04345631599	0.000000694910
1423.00	2.04344797134	0.000000694384
1424.00	2.04343938828	0.000000693859
1425.00	2.04343104363	0.000000693334
1426.00	2.04342269898	0.000000692811
1427.00	2.04341435432	0.000000692288
1428.00	2.04340600967	0.000000691766
1429.00	2.04339766502	0.000000691245
1430.00	2.04338932037	0.000000690725
1431.00	2.04338097572	0.000000690206
1432.00	2.04337263107	0.000000689687
1433.00	2.04336452484	0.000000689169
1434.00	2.04335618019	0.000000688652
1435.00	2.04334807396	0.000000688136
1436.00	2.04333972931	0.000000687621
1437.00	2.04333162308	0.000000687106
1438.00	2.04332327843	0.000000686592
1439.00	2.04331517220	0.000000686079
1440.00	2.04330682755	0.000000685567
1441.00	2.04329872131	0.000000685056
1442.00	2.04329061508	0.000000684545
1443.00	2.04328250885	0.000000684035
1444.00	2.04327416420	0.000000683526
1445.00	2.04326605797	0.000000683018
1446.00	2.04325795174	0.000000682510
1447.00	2.04325008392	0.000000682004
1448.00	2.04324173927	0.000000681498
1449.00	2.04323387146	0.000000680992
1450.00	2.04322576523	0.000000680488
1451.00	2.04321765900	0.000000679984
1452.00	2.04320979118	0.000000679481
1453.00	2.04320168495	0.000000678979
1454.00	2.04319381714	0.000000678478
1455.00	2.04318571091	0.000000677977
1456.00	2.04317784309	0.000000677478
1457.00	2.04316997528	0.000000676979
1458.00	2.04316210747	0.000000676480
1459.00	2.04315400124	0.000000675983
1460.00	2.04314613342	0.000000675486
1461.00	2.04313826561	0.000000674990
1462.00	2.04313039780	0.000000674495
1463.00	2.04312276840	0.000000674000
1464.00	2.04311490059	0.000000673506
1465.00	2.04310727119	0.000000673013
1466.00	2.04309964180	0.000000672521
1467.00	2.04309177399	0.000000672029
1468.00	2.04308414459	0.000000671538
1469.00	2.04307651520	0.000000671048
1470.00	2.04306864739	0.000000670559
1471.00	2.04306125641	0.000000670070
1472.00	2.04305338860	0.000000669582
1473.00	2.04304599762	0.000000669095
1474.00	2.04303836823	0.000000668609
1475.00	2.04303073883	0.000000668123
1476.00	2.04302310944	0.000000667638
1477.00	2.04301571846	0.000000667154
1478.00	2.04300808907	0.000000666670
1479.00	2.04300045967	0.000000666187
1480.00	2.04299306870	0.000000665705
1481.00	2.04298543930	0.000000665224
1482.00	2.04297804833	0.000000664743
1483.00	2.04297065735	0.000000664263
1484.00	2.04296326637	0.000000663784
1485.00	2.04295563698	0.000000663306
1486.00	2.04294824600	0.000000662828
1487.00	2.04294085503	0.000000662351
1488.00	2.04293346405	0.000000661874
1489.00	2.04292607307	0.000000661399
1490.00	2.04291868210	0.000000660923
1491.00	2.04291129112	0.000000660449
1492.00	2.04290390015	0.000000659976
1493.00	2.04289650917	0.000000659503
1494.00	2.04288911820	0.000000659031
1495.00	2.04288172722	0.000000658559
1496.00	2.04287433624	0.000000658088
1497.00	2.04286718369	0.000000657618
1498.00	2.04285979271	0.000000657149
1499.00	2.04285240173	0.000000656680
1500.00	2.04284524918	0.000000656212